272.2500   56.2500   75.0000   27.5500  165.0000  178.0000   75.0000  155.2900  161.7100  178.2800 M
275.5600   32.4900   57.0000   20.6900  166.0000  174.0000   56.0000  173.4300  163.7500  160.3900 M
338.5600   64.0000   80.0000   23.6300  184.0000  161.0000   43.0000  169.2600  170.8900  163.6200 M
316.8400   51.8400   72.0000   22.7200  178.0000  182.0000   47.0000  183.0900  166.9700  150.2100 M
342.2500   42.2500   65.0000   18.9900  185.0000  162.0000   46.0000  194.2000  172.2300  182.7400 M
282.2400   40.9600   64.0000   22.6800  168.0000  178.0000   55.0000  163.3000  171.8800  153.7900 M
282.2400   39.6900   63.0000   22.3200  168.0000  185.0000   78.0000  178.1000  168.2500  150.3600 M
295.8400   36.0000   60.0000   20.2800  172.0000  178.0000   47.0000  167.9700  182.5300  167.3800 M
299.2900   49.0000   70.0000   23.3900  173.0000  167.0000   62.0000  163.9400  165.4200  194.1500 M
342.2500   64.0000   80.0000   23.3700  185.0000  160.0000   53.0000  167.7900  174.5900  177.2900 M
265.6900   38.4400   62.0000   23.3400  163.0000  182.0000   47.5000  169.2900  177.3800  185.7700 F
259.2100   28.0900   53.0000   20.4500  161.0000  183.0000   50.0000  183.9000  164.5900  196.6500 F
282.2400   20.2500   45.0000   15.9400  168.0000  177.0000   70.0000  167.4600  166.2700  174.1600 F
240.2500   17.6400   42.0000   17.4800  155.0000  158.0000   48.0000  150.8400  176.0800  191.2900 F
272.2500   25.0000   50.0000   18.3700  165.0000  159.0000   53.0000  174.7800  174.6600  178.0300 F
272.2500   33.6400   58.0000   21.3000  165.0000  158.0000   68.0000  166.0200  167.0800  196.2500 F
265.6900   17.6400   42.0000   15.8100  163.0000  173.0000   62.0000  169.4800  164.3100  160.2400 F
246.4900   25.0000   50.0000   20.2800  157.0000  186.0000   75.0000  167.4000  173.3100  152.0300 F
265.6900   28.0900   53.0000   19.9500  163.0000  163.0000   46.0000  167.9300  171.4800  186.0900 F
262.4400   23.0400   48.0000   18.2900  162.0000  170.0000   55.0000  170.6300  167.4900  191.9400 F
