1. 性别	2. 年龄	3. 身高(cm)	4. 体重（kg)	5. 您所在的省份：	6. 儿时生活地区	小学入睡	小学起床	中学入睡	中学起床	大学入睡	大学起床	小学入睡	小学起床	中学入睡	中学起床	大学入睡	大学起床	第11题(无偏好)	第11题(淡)	第11题(咸)	第11题(辣)	第11题(甜)	12. 是否喜欢动物类食物	Y3. 是否经常食用水果	14. 主食类型	Y5. 是否经常喝牛奶―小学阶段	中学阶段	大学阶段
1	2	20	160	50	陕西	2	20	7	22	7	8	23	20	7	22	7	8	23	0	1	0	0	0	4	N	1	Y	N	N
2	2	20	163	45	河南	3	20	7	22	6	9	24	20	7	22	6	9	24	1	0	0	0	0	4	N	3	Y	Y	Y
3	2	20	175	60	北京	2	20	7	22	7	8	23	20	7	22	7	8	23	0	0	0	0	1	1	N	1	Y	Y	Y
4	2	20	165	60	北京	2	20	7	21	7	8	23	20	7	21	7	8	23	0	0	1	1	0	2	Y	1	Y	Y	Y
5	2	20	164	50	北京	2	20	7	24	7	9	24	20	7	24	7	9	24	0	1	0	0	0	4	Y	1	Y	Y	Y
6	2	20	165	64	山东	2	19	7	22	7	8	24	19	7	22	7	8	24	0	0	1	1	0	4	Y	2	Y	Y	N
7	2	20	175	65	安徽	2	19	7	23	6	8	24	19	7	23	6	8	24	0	0	1	1	1	2	N	3	Y	Y	N
8	1	20	175	70	山东	2	20	7	22	7	7	23	20	7	22	7	7	23	1	0	0	0	0	4	Y	1	N	Y	Y
9	1	20	172	62	山东	1	19	6	21	6	8	21	19	6	21	6	8	21	1	0	0	0	0	2	N	3	N	N	N
10	1	19	176	57	北京	2	20	7	23	6	8	24	20	7	23	6	8	24	1	0	0	0	0	2	Y	1	Y	Y	N
11	2	19	166	55	北京	2	20	7	22	7	9	23	20	7	22	7	9	23	0	0	1	1	0	4	N	1	N	Y	Y
12	2	20	161	48	浙江	2	19	6	21	6	7	23	19	6	21	6	7	23	0	0	1	1	0	3	Y	1	Y	N	N
13	1	20	175	60	山东	1	19	7	22	7	7	23	19	7	22	7	7	23	0	1	0	1	0	4	Y	2	Y	Y	Y
14	1	20	182	75	北京	3	22	7	23	6	8	23	22	7	23	6	8	23	0	0	0	1	0	2	Y	1	Y	Y	Y
15	1	20	170	55	重庆	2	20	8	21	6	7	23	20	8	21	6	7	23	0	0	0	1	0	2	N	1	Y	N	N
16	2	19	163	64	北京	2	20	6	22	6	7	23	20	6	22	6	7	23	0	1	1	1	1	4	Y	1	Y	Y	Y
17	2	18	167	50	山东	2	19	7	21	7	8	22	19	7	21	7	8	22	0	0	0	1	1	3	Y	1	Y	Y	Y
18	1	19	168	57	湖南	2	20	8	21	7	8	23	20	8	21	7	8	23	1	0	0	0	0	4	Y	1	Y	N	N
19	2	20	166	55	山东	2	19	7	22	7	7	23	19	7	22	7	7	23	1	0	0	0	0	4	Y	2	N	N	Y
20	2	19	168	50	山东	2	19	8	23	7	7	23	19	8	23	7	7	23	0	1	0	0	0	2	Y	2	N	N	N
21	2	20	170	52	北京	3	19	7	22	6	8	23	19	7	22	6	8	23	0	1	0	0	1	2	Y	2	Y	Y	Y
22	1	22	176	90	新疆	2	21	8	23	7	9	24	21	8	23	7	9	24	0	0	1	1	0	4	Y	3	N	N	N
23	1	21	186	78	上海	3	21	6	22	7	8	23	21	6	22	7	8	23	0	1	0	0	1	2	Y	1	Y	Y	N
24	2	20	165	54	重庆	2	19	7	22	6	8	23	19	7	22	6	8	23	0	0	0	1	0	3	Y	1	N	Y	N
25	1	21	175	61	上海	3	20	6	22	6	8	23	20	6	22	6	8	23	1	0	0	0	0	2	Y	1	Y	Y	Y
26	2	20	160	90	北京	3	19	7	21	7	8	22	19	7	21	7	8	22	0	1	0	0	1	4	N	1	Y	Y	N
27	2	21	167	50	上海	3	20	7	21	7	9	22	20	7	21	7	9	22	0	1	0	1	1	4	Y	1	Y	Y	Y
28	1	19	178	75	上海	3	20	8	22	7	7	24	20	8	22	7	7	24	0	0	1	0	0	3	Y	1	Y	Y	N
29	2	25	161	44	上海	3	20	6	21	6	8	23	20	6	21	6	8	23	0	1	0	0	0	3	Y	1	Y	Y	N
30	1	19	174	74	上海	3	21	7	22	7	9	23	21	7	22	7	9	23	0	0	1	1	1	2	Y	1	Y	Y	Y
31	2	19	165	60	贵州	2	19	7	22	6	7	23	19	7	22	6	7	23	0	0	1	1	0	2	Y	1	N	Y	N
32	1	26	170	60	上海	1	19	6	21	6	9	23	19	6	21	6	9	23	1	0	0	0	0	2	N	1	Y	Y	Y
33	2	21	167	55	上海	3	21	7	22	6	8	23	21	7	22	6	8	23	0	1	0	0	1	4	Y	2	N	Y	Y
34	1	19	179	71	上海	3	20	6	21	6	7	23	20	6	21	6	7	23	0	0	0	1	1	2	N	1	Y	Y	N
35	2	23	156	58	上海	3	21	7	22	6	8	23	21	7	22	6	8	23	0	1	0	0	1	4	Y	1	N	N	N
36	2	24	160	40	上海	3	20	6	22	6	9	24	20	6	22	6	9	24	0	0	1	1	0	4	N	3	Y	Y	Y
37	2	20	166	52	上海	3	19	6	21	6	8	23	19	6	21	6	8	23	0	1	0	0	0	4	Y	1	Y	Y	Y
38	1	20	176	76	山东	2	20	7	22	7	7	23	20	7	22	7	7	23	1	0	0	0	0	4	Y	2	Y	Y	Y
39	2	22	163	50	上海	3	19	7	20	6	7	21	19	7	20	6	7	21	0	1	0	0	0	4	Y	1	Y	Y	N
40	2	23	163	50	上海	3	21	6	22	6	8	23	21	6	22	6	8	23	1	0	0	0	0	4	Y	1	N	Y	Y
41	2	23	168	52.5	上海	3	19	7	20	6	8	23	19	7	20	6	8	23	0	1	0	0	1	4	N	1	N	N	N
42	1	22	183	82	上海	3	19	6	21	6	10	24	19	6	21	6	10	24	0	0	0	1	1	3	Y	3	Y	Y	N
43	1	20	181	69	上海	3	19	6	21	6	8	23	19	6	21	6	8	23	0	1	1	0	1	2	Y	1	Y	Y	Y
44	2	20	161	47.5	安徽0	2	20	6	21	6	8	24	20	6	21	6	8	24	0	0	0	0	1	3	N	2	N	N	N
45	1	21	165	63	上海	3	22	6	21	6	8	24	22	6	21	6	8	24	1	0	0	0	0	4	N	3	Y	Y	N
46	2	21	166	54	上海	3	20	7	21	6	7	22	20	7	21	6	7	22	0	1	0	0	1	4	Y	1	Y	Y	Y
47	2	21	170	54	上海	2	20	6	22	7	9	22	20	6	22	7	9	22	0	0	1	0	1	4	N	3	N	N	N
48	2	23	160	53	上海	3	20	6	22	7	9	23	20	6	22	7	9	23	1	0	0	0	0	2	N	1	N	N	N
49	1	20	178	64	北京	3	21	7	22	7	7	23	21	7	22	7	7	23	1	0	0	0	0	4	Y	1	Y	Y	Y
50	1	20	188	68	上海	3	20	6	21	6	8	23	20	6	21	6	8	23	0	1	1	0	1	4	Y	1	Y	Y	Y
51	1	22	182	70	山东	2	19	7	22	7	8	22	19	7	22	7	8	22	1	0	0	0	0	4	Y	2	Y	Y	N
52	2	22	162.5	53	上海	3	19	7	20	6	8	22	19	7	20	6	8	22	0	1	0	0	1	3	Y	1	Y	N	Y
53	1	21	175	65	山东	2	21	6	22	6	8	23	21	6	22	6	8	23	0	0	1	0	1	4	Y	1	Y	Y	Y
54	2	19	160	52	上海	3	19	7	22	6	7	23	19	7	22	6	7	23	0	1	0	0	1	4	Y	3	N	N	N
55	1	20	187	73	北京	3	21	6	22	6	8	23	21	6	22	6	8	23	1	0	0	0	0	2	Y	1	Y	Y	N
56	2	20	158.7	43	北京	2	19	7	22	7	7	23	19	7	22	7	7	23	0	1	0	0	1	2	Y	1	Y	Y	N
57	2	20	164	50	山东	2	19	6	22	6	7	23	19	6	22	6	7	23	0	0	0	1	0	2	Y	2	Y	N	N
58	1	18	180	75	天津	1	20	6	21	7	9	23	20	6	21	7	9	23	0	1	0	0	0	4	N	2	Y	Y	Y
59	2	25	163	47	安徽	1	20	7	21	6	7	22	20	7	21	6	7	22	1	0	0	0	0	1	Y	2	N	Y	Y
60	1	25	173	65	安徽	1	19	6	21	6	7	24	19	6	21	6	7	24	0	0	0	1	0	2	N	2	N	N	N
61	2	20	170	57.5	山东	2	20	7	22	7	7	23	20	7	22	7	7	23	0	0	0	0	1	3	Y	1	Y	Y	Y
62	2	21	167	49	上海	2	19	6	20	6	8	22	19	6	20	6	8	22	0	1	0	0	1	4	Y	1	Y	Y	Y
